object UserAreaForm: TUserAreaForm
  Left = 0
  Top = 0
  Caption = 'Form1'
  ClientHeight = 680
  ClientWidth = 715
  FormFactor.Width = 320
  FormFactor.Height = 480
  FormFactor.Devices = [Desktop]
  DesignerMasterStyle = 3
  object Edit1: TEdit
    Touch.InteractiveGestures = [LongTap, DoubleTap]
    Align = Top
    TabOrder = 0
    Position.X = 5.000000000000000000
    Position.Y = 10.000000000000000000
    Margins.Left = 5.000000000000000000
    Margins.Top = 10.000000000000000000
    Margins.Right = 5.000000000000000000
    Margins.Bottom = 5.000000000000000000
    Size.Width = 705.000000000000000000
    Size.Height = 32.000000000000000000
    Size.PlatformDefault = False
  end
  object Edit2: TEdit
    Touch.InteractiveGestures = [LongTap, DoubleTap]
    Align = Top
    TabOrder = 1
    Position.X = 5.000000000000000000
    Position.Y = 57.000000000000000000
    Margins.Left = 5.000000000000000000
    Margins.Top = 10.000000000000000000
    Margins.Right = 5.000000000000000000
    Margins.Bottom = 5.000000000000000000
    Size.Width = 705.000000000000000000
    Size.Height = 32.000000000000000000
    Size.PlatformDefault = False
  end
  object Edit3: TEdit
    Touch.InteractiveGestures = [LongTap, DoubleTap]
    Align = Top
    TabOrder = 2
    Position.X = 5.000000000000000000
    Position.Y = 104.000000000000000000
    Margins.Left = 5.000000000000000000
    Margins.Top = 10.000000000000000000
    Margins.Right = 5.000000000000000000
    Margins.Bottom = 5.000000000000000000
    Size.Width = 705.000000000000000000
    Size.Height = 32.000000000000000000
    Size.PlatformDefault = False
  end
  object Edit4: TEdit
    Touch.InteractiveGestures = [LongTap, DoubleTap]
    Align = Top
    TabOrder = 3
    Position.X = 5.000000000000000000
    Position.Y = 151.000000000000000000
    Margins.Left = 5.000000000000000000
    Margins.Top = 10.000000000000000000
    Margins.Right = 5.000000000000000000
    Margins.Bottom = 5.000000000000000000
    Size.Width = 705.000000000000000000
    Size.Height = 32.000000000000000000
    Size.PlatformDefault = False
  end
  object Edit5: TEdit
    Touch.InteractiveGestures = [LongTap, DoubleTap]
    Align = Top
    TabOrder = 4
    Position.X = 5.000000000000000000
    Position.Y = 198.000000000000000000
    Margins.Left = 5.000000000000000000
    Margins.Top = 10.000000000000000000
    Margins.Right = 5.000000000000000000
    Margins.Bottom = 5.000000000000000000
    Size.Width = 705.000000000000000000
    Size.Height = 32.000000000000000000
    Size.PlatformDefault = False
  end
  object Edit6: TEdit
    Touch.InteractiveGestures = [LongTap, DoubleTap]
    Align = Top
    TabOrder = 5
    Position.X = 5.000000000000000000
    Position.Y = 245.000000000000000000
    Margins.Left = 5.000000000000000000
    Margins.Top = 10.000000000000000000
    Margins.Right = 5.000000000000000000
    Margins.Bottom = 5.000000000000000000
    Size.Width = 705.000000000000000000
    Size.Height = 32.000000000000000000
    Size.PlatformDefault = False
  end
  object Button1: TButton
    Align = Top
    Margins.Left = 5.000000000000000000
    Margins.Top = 5.000000000000000000
    Margins.Right = 5.000000000000000000
    Margins.Bottom = 5.000000000000000000
    Position.X = 5.000000000000000000
    Position.Y = 287.000000000000000000
    Size.Width = 705.000000000000000000
    Size.Height = 38.000000000000000000
    Size.PlatformDefault = False
    TabOrder = 7
    Text = #4330#4309#4314#4312#4314#4308#4305#4308#4305#4312#4321' '#4307#4304#4315#4304#4334#4321#4317#4309#4320#4308#4305#4304
  end
end
